0	0	0	19.9662	15.045	
0.01	0.199619	0.149927	19.9575	14.9405	
0.02	0.399152	0.29881	19.949	14.836	
0.03	0.598601	0.44665	19.9405	14.7317	
0.04	0.797967	0.593447	19.9322	14.6274	
0.05	0.997252	0.739203	19.9239	14.5231	
0.06	1.19646	0.883919	19.9157	14.419	
0.07	1.39558	1.0276	19.9076	14.3149	
0.08	1.59463	1.17023	19.8997	14.2109	
0.09	1.79361	1.31184	19.8917	14.1069	
0.1	1.9925	1.4524	19.8839	14.003	
0.11	2.19133	1.59193	19.8762	13.8992	
0.12	2.39008	1.73043	19.8685	13.7954	
0.13	2.58877	1.86789	19.861	13.6917	
0.14	2.78738	2.00432	19.8535	13.5881	
0.15	2.98592	2.13971	19.8461	13.4845	
0.16	3.1844	2.27408	19.8388	13.381	
0.17	3.38281	2.40742	19.8315	13.2775	
0.18	3.58115	2.53972	19.8244	13.1741	
0.19	3.77943	2.671	19.8173	13.0708	
0.2	3.97765	2.80125	19.8103	12.9675	
0.21	4.1758	2.93048	19.8034	12.8643	
0.22	4.37389	3.05867	19.7965	12.7611	
0.23	4.57193	3.18585	19.7897	12.658	
0.24	4.7699	3.312	19.783	12.555	
0.25	4.96782	3.43712	19.7764	12.452	
0.26	5.16567	3.56122	19.7698	12.349	
0.27	5.36348	3.6843	19.7633	12.2461	
0.28	5.56122	3.80636	19.7568	12.1433	
0.29	5.75891	3.92739	19.7505	12.0405	
0.3	5.95655	4.04741	19.7442	11.9377	
0.31	6.15414	4.1664	19.7379	11.835	
0.32	6.35167	4.28438	19.7318	11.7324	
0.33	6.54915	4.40133	19.7257	11.6298	
0.34	6.74658	4.51727	19.7196	11.5272	
0.35	6.94396	4.63219	19.7136	11.4247	
0.36	7.1413	4.7461	19.7077	11.3222	
0.37	7.33858	4.85899	19.7018	11.2198	
0.38	7.53582	4.97086	19.696	11.1174	
0.39	7.733	5.08172	19.6903	11.0151	
0.4	7.93015	5.19156	19.6846	10.9128	
0.41	8.12724	5.30039	19.6789	10.8105	
0.42	8.3243	5.4082	19.6733	10.7083	
0.43	8.5213	5.515	19.6678	10.6062	
0.44	8.71827	5.62079	19.6623	10.504	
0.45	8.91519	5.72556	19.6569	10.4019	
0.46	9.11207	5.82932	19.6515	10.2999	
0.47	9.3089	5.93207	19.6462	10.1979	
0.48	9.5057	6.03381	19.6409	10.0959	
0.49	9.70245	6.13454	19.6357	9.99395	
0.5	9.89916	6.23426	19.6305	9.89204	
0.51	10.0958	6.33297	19.6253	9.79017	
0.52	10.2925	6.43066	19.6202	9.68833	
0.53	10.4891	6.52735	19.6152	9.58652	
0.54	10.6856	6.62303	19.6102	9.48475	
0.55	10.8821	6.7177	19.6052	9.383	
0.56	11.0786	6.81136	19.6003	9.28129	
0.57	11.2751	6.90401	19.5954	9.17961	
0.58	11.4715	6.99566	19.5906	9.07796	
0.59	11.6678	7.08629	19.5858	8.97634	
0.6	11.8641	7.17592	19.581	8.87475	
0.61	12.0604	7.26454	19.5763	8.77318	
0.62	12.2567	7.35216	19.5716	8.67164	
0.63	12.4529	7.43876	19.5669	8.57013	
0.64	12.6491	7.52436	19.5623	8.46864	
0.65	12.8453	7.60896	19.5577	8.36718	
0.66	13.0414	7.69254	19.5531	8.26574	
0.67	13.2374	7.77512	19.5486	8.16433	
0.68	13.4335	7.8567	19.5441	8.06294	
0.69	13.6295	7.93727	19.5396	7.96157	
0.7	13.8255	8.01683	19.5352	7.86023	
0.71	14.0214	8.09538	19.5308	7.7589	
0.72	14.2173	8.17293	19.5264	7.6576	
0.73	14.4132	8.24948	19.522	7.55631	
0.74	14.609	8.32502	19.5177	7.45505	
0.75	14.8048	8.39955	19.5134	7.3538	
0.76	15.0006	8.47308	19.5091	7.25257	
0.77	15.1963	8.5456	19.5048	7.15136	
0.78	15.392	8.61711	19.5006	7.05017	
0.79	15.5877	8.68762	19.4964	6.94899	
0.8	15.7833	8.75713	19.4922	6.84783	
0.81	15.9789	8.82563	19.488	6.74668	
0.82	16.1745	8.89312	19.4838	6.64554	
0.83	16.37	8.95961	19.4797	6.54442	
0.84	16.5655	9.02509	19.4756	6.44332	
0.85	16.761	9.08957	19.4715	6.34222	
0.86	16.9564	9.15304	19.4674	6.24114	
0.87	17.1518	9.2155	19.4633	6.14006	
0.88	17.3472	9.27696	19.4592	6.039	
0.89	17.5425	9.33741	19.4552	5.93795	
0.9	17.7378	9.39686	19.4511	5.83691	
0.91	17.933	9.45529	19.4471	5.73587	
0.92	18.1283	9.51273	19.4431	5.63484	
0.93	18.3234	9.56915	19.4391	5.53382	
0.94	18.5186	9.62457	19.4351	5.43281	
0.95	18.7137	9.67898	19.4311	5.33181	
0.96	18.9088	9.73238	19.4271	5.2308	
0.97	19.1038	9.78478	19.4231	5.12981	
0.98	19.2988	9.83617	19.4192	5.02882	
0.99	19.4938	9.88655	19.4152	4.92783	
1	19.6887	9.93592	19.4112	4.82684	
1.01	19.8836	9.98428	19.4073	4.72586	
1.02	20.0784	10.0316	19.4033	4.62488	
1.03	20.2733	10.078	19.3994	4.5239	
1.04	20.468	10.1233	19.3954	4.42292	
1.05	20.6628	10.1676	19.3915	4.32194	
1.06	20.8575	10.211	19.3875	4.22096	
1.07	21.0521	10.2533	19.3836	4.11998	
1.08	21.2467	10.2946	19.3796	4.019	
1.09	21.4413	10.3348	19.3756	3.91801	
1.1	21.6358	10.3741	19.3717	3.81703	
1.11	21.8303	10.4124	19.3677	3.71604	
1.12	22.0247	10.4496	19.3637	3.61504	
1.13	22.2191	10.4859	19.3598	3.51404	
1.14	22.4135	10.5211	19.3558	3.41304	
1.15	22.6078	10.5553	19.3518	3.31202	
1.16	22.8021	10.5885	19.3478	3.21101	
1.17	22.9963	10.6207	19.3437	3.10998	
1.18	23.1905	10.6518	19.3397	3.00895	
1.19	23.3846	10.682	19.3357	2.90791	
1.2	23.5787	10.7111	19.3316	2.80686	
1.21	23.7727	10.7392	19.3276	2.7058	
1.22	23.9667	10.7663	19.3235	2.60473	
1.23	24.1606	10.7924	19.3194	2.50365	
1.24	24.3545	10.8175	19.3153	2.40256	
1.25	24.5484	10.8415	19.3112	2.30146	
1.26	24.7421	10.8646	19.3071	2.20034	
1.27	24.9359	10.8866	19.3029	2.09922	
1.28	25.1296	10.9076	19.2987	1.99807	
1.29	25.3232	10.9275	19.2946	1.89692	
1.3	25.5167	10.9465	19.2904	1.79575	
1.31	25.7103	10.9644	19.2861	1.69456	
1.32	25.9037	10.9813	19.2819	1.59336	
1.33	26.0971	10.9972	19.2776	1.49214	
1.34	26.2905	11.0121	19.2733	1.39091	
1.35	26.4837	11.0259	19.269	1.28966	
1.36	26.677	11.0387	19.2647	1.18838	
1.37	26.8701	11.0505	19.2603	1.08709	
1.38	27.0632	11.0612	19.2559	0.985786	
1.39	27.2563	11.071	19.2515	0.884457	
1.4	27.4492	11.0797	19.247	0.783107	
1.41	27.6422	11.0873	19.2426	0.681736	
1.42	27.835	11.094	19.2381	0.580344	
1.43	28.0278	11.0996	19.2335	0.478929	
1.44	28.2205	11.1042	19.229	0.377491	
1.45	28.4131	11.1077	19.2244	0.27603	
1.46	28.6057	11.1103	19.2197	0.174545	
1.47	28.7982	11.1118	19.2151	0.0730347	
1.48	28.9907	11.1122	19.2104	-0.0285005	
1.49	29.183	11.1116	19.2057	-0.130061	
1.5	29.3753	11.11	19.2009	-0.231649	
1.51	29.5675	11.1074	19.1961	-0.333263	
1.52	29.7597	11.1037	19.1913	-0.434905	
1.53	29.9517	11.0989	19.1864	-0.536575	
1.54	30.1437	11.0932	19.1815	-0.638274	
1.55	30.3356	11.0864	19.1766	-0.740002	
1.56	30.5274	11.0785	19.1716	-0.84176	
1.57	30.7192	11.0696	19.1665	-0.943549	
1.58	30.9108	11.0597	19.1615	-1.04537	
1.59	31.1024	11.0487	19.1564	-1.14722	
1.6	31.2939	11.0367	19.1512	-1.2491	
1.61	31.4853	11.0236	19.146	-1.35102	
1.62	31.6766	11.0095	19.1408	-1.45297	
1.63	31.8678	10.9944	19.1355	-1.55495	
1.64	32.059	10.9782	19.1301	-1.65697	
1.65	32.25	10.9609	19.1248	-1.75903	
1.66	32.441	10.9426	19.1193	-1.86112	
1.67	32.6318	10.9233	19.1139	-1.96324	
1.68	32.8226	10.9029	19.1083	-2.06541	
1.69	33.0133	10.8814	19.1028	-2.16761	
1.7	33.2038	10.8589	19.0971	-2.26984	
1.71	33.3943	10.8353	19.0915	-2.37212	
1.72	33.5846	10.8107	19.0857	-2.47444	
1.73	33.7749	10.785	19.08	-2.5768	
1.74	33.9651	10.7582	19.0741	-2.67919	
1.75	34.1551	10.7304	19.0682	-2.78163	
1.76	34.345	10.7016	19.0623	-2.88411	
1.77	34.5349	10.6716	19.0563	-2.98664	
1.78	34.7246	10.6407	19.0502	-3.0892	
1.79	34.9142	10.6086	19.0441	-3.19181	
1.8	35.1037	10.5755	19.0379	-3.29446	
1.81	35.2931	10.5413	19.0317	-3.39716	
1.82	35.4823	10.506	19.0254	-3.49991	
1.83	35.6715	10.4697	19.019	-3.6027	
1.84	35.8605	10.4323	19.0126	-3.70553	
1.85	36.0494	10.3938	19.0061	-3.80841	
1.86	36.2382	10.3543	18.9996	-3.91135	
1.87	36.4268	10.3137	18.993	-4.01433	
1.88	36.6153	10.272	18.9863	-4.11735	
1.89	36.8037	10.2292	18.9796	-4.22043	
1.9	36.992	10.1854	18.9728	-4.32356	
1.91	37.1801	10.1404	18.9659	-4.42674	
1.92	37.3681	10.0944	18.959	-4.52997	
1.93	37.556	10.0473	18.9519	-4.63326	
1.94	37.7437	9.99915	18.9449	-4.73659	
1.95	37.9313	9.94989	18.9377	-4.83998	
1.96	38.1187	9.89954	18.9305	-4.94342	
1.97	38.306	9.8481	18.9232	-5.04692	
1.98	38.4932	9.79558	18.9158	-5.15047	
1.99	38.6802	9.74196	18.9084	-5.25408	
2	38.867	9.68725	18.9009	-5.35775	
2.01	39.0537	9.63144	18.8933	-5.46147	
2.02	39.2403	9.57454	18.8856	-5.56525	
2.03	39.4267	9.51654	18.8778	-5.66909	
2.04	39.6129	9.45745	18.87	-5.77299	
2.05	39.799	9.39725	18.8621	-5.87695	
2.06	39.9849	9.33595	18.8541	-5.98096	
2.07	40.1707	9.27355	18.8461	-6.08504	
2.08	40.3562	9.21004	18.8379	-6.18918	
2.09	40.5417	9.14543	18.8297	-6.29339	
2.1	40.7269	9.07971	18.8214	-6.39765	
2.11	40.912	9.01288	18.813	-6.50198	
2.12	41.0969	8.94494	18.8045	-6.60637	
2.13	41.2816	8.87588	18.7959	-6.71083	
2.14	41.4662	8.80571	18.7872	-6.81536	
2.15	41.6505	8.73443	18.7785	-6.91995	
2.16	41.8347	8.66202	18.7697	-7.0246	
2.17	42.0187	8.5885	18.7607	-7.12933	
2.18	42.2025	8.51385	18.7517	-7.23412	
2.19	42.3861	8.43809	18.7426	-7.33898	
2.2	42.5696	8.36119	18.7334	-7.44391	
2.21	42.7528	8.28317	18.7241	-7.54891	
2.22	42.9358	8.20402	18.7147	-7.65399	
2.23	43.1187	8.12374	18.7053	-7.75913	
2.24	43.3013	8.04233	18.6957	-7.86434	
2.25	43.4837	7.95978	18.686	-7.96963	
2.26	43.6659	7.8761	18.6762	-8.075	
2.27	43.8479	7.79128	18.6664	-8.18043	
2.28	44.0297	7.70532	18.6564	-8.28594	
2.29	44.2113	7.61822	18.6463	-8.39153	
2.3	44.3927	7.52997	18.6362	-8.49719	
2.31	44.5738	7.44058	18.6259	-8.60293	
2.32	44.7548	7.35004	18.6155	-8.70875	
2.33	44.9355	7.25835	18.605	-8.81465	
2.34	45.1159	7.16551	18.5945	-8.92063	
2.35	45.2962	7.07152	18.5838	-9.02668	
2.36	45.4762	6.97637	18.573	-9.13282	
2.37	45.656	6.88006	18.5621	-9.23904	
2.38	45.8355	6.78259	18.551	-9.34534	
2.39	46.0148	6.68397	18.5399	-9.45172	
2.4	46.1938	6.58417	18.5287	-9.55819	
2.41	46.3726	6.48321	18.5173	-9.66474	
2.42	46.5512	6.38109	18.5059	-9.77137	
2.43	46.7295	6.27779	18.4943	-9.87809	
2.44	46.9075	6.17332	18.4826	-9.9849	
2.45	47.0853	6.06767	18.4708	-10.0918	
2.46	47.2628	5.96085	18.4589	-10.1988	
2.47	47.4401	5.85285	18.4469	-10.3058	
2.48	47.6171	5.74366	18.4347	-10.413	
2.49	47.7938	5.63329	18.4224	-10.5203	
2.5	47.9702	5.52174	18.41	-10.6276	
2.51	48.1464	5.409	18.3975	-10.735	
2.52	48.3223	5.29506	18.3849	-10.8426	
2.53	48.4979	5.17994	18.3721	-10.9502	
2.54	48.6732	5.06361	18.3592	-11.0579	
2.55	48.8483	4.94609	18.3462	-11.1657	
2.56	49.023	4.82737	18.333	-11.2736	
2.57	49.1974	4.70745	18.3198	-11.3816	
2.58	49.3716	4.58632	18.3064	-11.4897	
2.59	49.5454	4.46398	18.2928	-11.5979	
2.6	49.719	4.34043	18.2792	-11.7062	
2.61	49.8922	4.21567	18.2654	-11.8146	
2.62	50.0651	4.08969	18.2514	-11.9231	
2.63	50.2377	3.9625	18.2374	-12.0317	
2.64	50.41	3.83408	18.2232	-12.1404	
2.65	50.5819	3.70444	18.2089	-12.2492	
2.66	50.7535	3.57358	18.1944	-12.3581	
2.67	50.9248	3.44148	18.1798	-12.4671	
2.68	51.0958	3.30816	18.165	-12.5762	
2.69	51.2664	3.1736	18.1501	-12.6854	
2.7	51.4367	3.0378	18.1351	-12.7948	
2.71	51.6066	2.90077	18.1199	-12.9042	
2.72	51.7762	2.76249	18.1046	-13.0138	
2.73	51.9455	2.62296	18.0891	-13.1234	
2.74	52.1144	2.48219	18.0735	-13.2332	
2.75	52.2829	2.34017	18.0577	-13.3431	
2.76	52.451	2.19689	18.0418	-13.453	
2.77	52.6188	2.05236	18.0258	-13.5631	
2.78	52.7863	1.90656	18.0096	-13.6734	
2.79	52.9533	1.75951	17.9932	-13.7837	
2.8	53.12	1.61118	17.9767	-13.8941	
2.81	53.2863	1.46159	17.96	-14.0047	
2.82	53.4522	1.31073	17.9432	-14.1154	
2.83	53.6177	1.15859	17.9262	-14.2262	
2.84	53.7828	1.00518	17.909	-14.3371	
2.85	53.9475	0.850479	17.8917	-14.4482	
2.86	54.1118	0.694497	17.8742	-14.5593	
2.87	54.2757	0.537228	17.8566	-14.6706	
2.88	54.4392	0.378668	17.8388	-14.782	
2.89	54.6022	0.218814	17.8208	-14.8936	
2.9	54.7649	0.0576623	17.8027	-15.0052	
2.91	54.9271	-0.10479	17.7844	-15.117	
2.92	55.0889	-0.268546	17.7659	-15.2289	
2.93	55.2503	-0.433609	17.7473	-15.341	
2.94	55.4112	-0.599984	17.7285	-15.4531	
2.95	55.5716	-0.767672	17.7095	-15.5655	
2.96	55.7317	-0.936678	17.6904	-15.6779	
2.97	55.8912	-1.10701	17.671	-15.7905	
2.98	56.0504	-1.27866	17.6515	-15.9032	
2.99	56.209	-1.45164	17.6318	-16.016	
3	56.3672	-1.62595	17.612	-16.129	
3.01	56.5249	-1.8016	17.5919	-16.2421	
3.02	56.6822	-1.97858	17.5717	-16.3553	
3.03	56.8389	-2.15691	17.5513	-16.4687	
3.04	56.9952	-2.33659	17.5307	-16.5822	
3.05	57.151	-2.51762	17.5099	-16.6959	
3.06	57.3062	-2.7	17.4889	-16.8097	
3.07	57.461	-2.88374	17.4677	-16.9237	
3.08	57.6153	-3.06884	17.4464	-17.0377	
3.09	57.7691	-3.2553	17.4248	-17.152	
3.1	57.9223	-3.44314	17.4031	-17.2664	
3.11	58.075	-3.63235	17.3811	-17.3809	
3.12	58.2272	-3.82294	17.359	-17.4956	
3.13	58.3789	-4.01491	17.3366	-17.6104	
3.14	58.53	-4.20826	17.3141	-17.7254	
3.15	58.6806	-4.40301	17.2913	-17.8406	
3.16	58.8306	-4.59915	17.2684	-17.9558	
3.17	58.9801	-4.79669	17.2452	-18.0713	
3.18	59.129	-4.99563	17.2219	-18.1869	
3.19	59.2773	-5.19598	17.1983	-18.3027	
3.2	59.4251	-5.39774	17.1745	-18.4186	
3.21	59.5723	-5.60091	17.1505	-18.5347	
3.22	59.7189	-5.80551	17.1263	-18.6509	
3.23	59.8649	-6.01153	17.1019	-18.7673	
3.24	60.0104	-6.21898	17.0773	-18.8839	
3.25	60.1552	-6.42786	17.0524	-19.0006	
3.26	60.2994	-6.63818	17.0273	-19.1175	
3.27	60.443	-6.84995	17.002	-19.2346	
3.28	60.586	-7.06316	16.9765	-19.3518	
3.29	60.7283	-7.27782	16.9507	-19.4692	
3.3	60.87	-7.49395	16.9248	-19.5868	
3.31	61.0111	-7.71153	16.8986	-19.7045	
3.32	61.1516	-7.93058	16.8721	-19.8225	
3.33	61.2913	-8.1511	16.8454	-19.9406	
3.34	61.4305	-8.3731	16.8185	-20.0588	
3.35	61.5689	-8.59659	16.7914	-20.1773	
3.36	61.7067	-8.82156	16.764	-20.2959	
3.37	61.8438	-9.04802	16.7364	-20.4147	
3.38	61.9802	-9.27598	16.7085	-20.5337	
3.39	62.1159	-9.50544	16.6804	-20.6529	
3.4	62.2509	-9.73641	16.652	-20.7723	
3.41	62.3852	-9.9689	16.6234	-20.8919	
3.42	62.5188	-10.2029	16.5946	-21.0116	
3.43	62.6517	-10.4384	16.5654	-21.1315	
3.44	62.7839	-10.6755	16.5361	-21.2517	
3.45	62.9153	-10.9141	16.5064	-21.372	
3.46	63.0459	-11.1542	16.4766	-21.4925	
3.47	63.1758	-11.3959	16.4464	-21.6132	
3.48	63.305	-11.6391	16.416	-21.7342	
3.49	63.4334	-11.8839	16.3853	-21.8553	
3.5	63.561	-12.1303	16.3544	-21.9766	
3.51	63.6878	-12.3782	16.3232	-22.0981	
3.52	63.8138	-12.6277	16.2917	-22.2198	
3.53	63.939	-12.8788	16.2599	-22.3418	
3.54	64.0635	-13.1315	16.2279	-22.4639	
3.55	64.1871	-13.3858	16.1955	-22.5863	
3.56	64.3098	-13.6416	16.1629	-22.7088	
3.57	64.4318	-13.8991	16.1301	-22.8316	
3.58	64.5529	-14.1582	16.0969	-22.9546	
3.59	64.6731	-14.4189	16.0634	-23.0778	
3.6	64.7925	-14.6813	16.0297	-23.2013	
3.61	64.911	-14.9452	15.9956	-23.3249	
3.62	65.0287	-15.2109	15.9613	-23.4488	
3.63	65.1455	-15.4781	15.9266	-23.5729	
3.64	65.2613	-15.7471	15.8917	-23.6972	
3.65	65.3763	-16.0176	15.8564	-23.8218	
3.66	65.4903	-16.2899	15.8209	-23.9466	
3.67	65.6034	-16.5638	15.785	-24.0716	
3.68	65.7156	-16.8394	15.7488	-24.1969	
3.69	65.8269	-17.1168	15.7123	-24.3224	
3.7	65.9372	-17.3958	15.6755	-24.4481	
3.71	66.0465	-17.6765	15.6384	-24.5741	
3.72	66.1548	-17.9589	15.6009	-24.7003	
3.73	66.2622	-18.243	15.5632	-24.8268	
3.74	66.3686	-18.5289	15.525	-24.9535	
3.75	66.4739	-18.8165	15.4866	-25.0805	
3.76	66.5783	-19.1059	15.4478	-25.2077	
3.77	66.6816	-19.397	15.4087	-25.3352	
3.78	66.7839	-19.6899	15.3692	-25.4629	
3.79	66.8852	-19.9845	15.3294	-25.5909	
3.8	66.9853	-20.2809	15.2893	-25.7192	
3.81	67.0845	-20.5791	15.2488	-25.8477	
3.82	67.1825	-20.8791	15.2079	-25.9765	
3.83	67.2794	-21.1809	15.1667	-26.1055	
3.84	67.3753	-21.4846	15.1251	-26.2349	
3.85	67.47	-21.79	15.0832	-26.3645	
3.86	67.5635	-22.0973	15.0408	-26.4944	
3.87	67.656	-22.4064	14.9982	-26.6245	
3.88	67.7473	-22.7174	14.9551	-26.755	
3.89	67.8374	-23.0302	14.9117	-26.8857	
3.9	67.9263	-23.3449	14.8678	-27.0167	
3.91	68.0141	-23.6614	14.8236	-27.148	
3.92	68.1006	-23.9799	14.779	-27.2796	
3.93	68.1859	-24.3003	14.734	-27.4115	
3.94	68.27	-24.6225	14.6887	-27.5437	
3.95	68.3529	-24.9467	14.6429	-27.6762	
3.96	68.4344	-25.2728	14.5967	-27.8091	
3.97	68.5147	-25.6009	14.5501	-27.9422	
3.98	68.5938	-25.9309	14.5031	-28.0756	
3.99	68.6715	-26.2629	14.4556	-28.2093	
4	68.7479	-26.5968	14.4078	-28.3434	
4.01	68.8229	-26.9327	14.3595	-28.4778	
4.02	68.8967	-27.2707	14.3108	-28.6125	
4.03	68.969	-27.6106	14.2616	-28.7475	
4.04	69.04	-27.9525	14.212	-28.8829	
4.05	69.1096	-28.2965	14.162	-29.0186	
4.06	69.1777	-28.6426	14.1115	-29.1546	
4.07	69.2445	-28.9906	14.0606	-29.291	
4.08	69.3098	-29.3408	14.0092	-29.4277	
4.09	69.3736	-29.693	13.9573	-29.5648	
4.1	69.4359	-30.0473	13.905	-29.7022	
4.11	69.4968	-30.4038	13.8522	-29.84	
4.12	69.5562	-30.7623	13.799	-29.9782	
4.13	69.614	-31.123	13.7452	-30.1167	
4.14	69.6703	-31.4858	13.691	-30.2555	
4.15	69.725	-31.8508	13.6362	-30.3948	
4.16	69.7781	-32.218	13.581	-30.5344	
4.17	69.8296	-32.5873	13.5252	-30.6744	
4.18	69.8795	-32.9589	13.469	-30.8148	
4.19	69.9277	-33.3327	13.4122	-30.9556	
4.2	69.9743	-33.7087	13.3549	-31.0967	
4.21	70.0192	-34.0869	13.2971	-31.2383	
4.22	70.0624	-34.4674	13.2388	-31.3803	
4.23	70.1039	-34.8502	13.1799	-31.5227	
4.24	70.1436	-35.2353	13.1204	-31.6654	
4.25	70.1815	-35.6228	13.0604	-31.8086	
4.26	70.2177	-36.0125	12.9999	-31.9523	
4.27	70.252	-36.4046	12.9388	-32.0963	
4.28	70.2846	-36.799	12.8771	-32.2408	
4.29	70.3152	-37.1959	12.8148	-32.3857	
4.3	70.344	-37.5951	12.752	-32.5311	
4.31	70.3708	-37.9968	12.6885	-32.6769	
4.32	70.3958	-38.4009	12.6245	-32.8232	
4.33	70.4187	-38.8074	12.5598	-32.9699	
4.34	70.4397	-39.2164	12.4945	-33.1171	
4.35	70.4587	-39.6279	12.4286	-33.2647	
4.36	70.4756	-40.0419	12.3621	-33.4129	
4.37	70.4905	-40.4585	12.2949	-33.5615	
4.38	70.5033	-40.8776	12.2271	-33.7106	
4.39	70.514	-41.2993	12.1586	-33.8602	
4.4	70.5225	-41.7236	12.0895	-34.0103	
4.41	70.5288	-42.1505	12.0197	-34.1609	
4.42	70.533	-42.5801	11.9492	-34.312	
4.43	70.5349	-43.0123	11.878	-34.4636	
4.44	70.5345	-43.4472	11.8061	-34.6158	
4.45	70.5319	-43.8848	11.7335	-34.7685	
4.46	70.5269	-44.3251	11.6602	-34.9217	
4.47	70.5195	-44.7683	11.5862	-35.0755	
4.48	70.5097	-45.2142	11.5114	-35.2299	
4.49	70.4976	-45.6629	11.4359	-35.3848	
4.5	70.4829	-46.1144	11.3596	-35.5403	
4.51	70.4657	-46.5688	11.2825	-35.6964	
4.52	70.4461	-47.0262	11.2046	-35.853	
4.53	70.4238	-47.4864	11.126	-36.0103	
4.54	70.3989	-47.9496	11.0466	-36.1682	
4.55	70.3713	-48.4157	10.9663	-36.3266	
4.56	70.3411	-48.8849	10.8852	-36.4857	
4.57	70.3081	-49.3571	10.8033	-36.6455	
4.58	70.2724	-49.8324	10.7205	-36.8059	
4.59	70.2338	-50.3108	10.6368	-36.9669	
4.6	70.1924	-50.7923	10.5523	-37.1286	
4.61	70.1481	-51.277	10.4668	-37.291	
4.62	70.1008	-51.7649	10.3805	-37.4541	
4.63	70.0505	-52.2561	10.2932	-37.6178	
4.64	69.9971	-52.7505	10.205	-37.7823	
4.65	69.9407	-53.2483	10.1158	-37.9475	
4.66	69.8811	-53.7494	10.0257	-38.1134	
4.67	69.8183	-54.2538	9.93459	-38.28	
4.68	69.7522	-54.7618	9.84248	-38.4475	
4.69	69.6829	-55.2732	9.74934	-38.6156	
4.7	69.6102	-55.7881	9.65517	-38.7846	
4.71	69.534	-56.3065	9.55995	-38.9543	
4.72	69.4544	-56.8286	9.46365	-39.1249	
4.73	69.3712	-57.3543	9.36626	-39.2963	
4.74	69.2844	-57.8837	9.26776	-39.4685	
4.75	69.194	-58.4169	9.16814	-39.6416	
4.76	69.0998	-58.9539	9.06736	-39.8155	
4.77	69.0018	-59.4947	8.96541	-39.9903	
4.78	68.9	-60.0394	8.86226	-40.1661	
4.79	68.7942	-60.588	8.7579	-40.3427	
4.8	68.6843	-61.1407	8.6523	-40.5203	
4.81	68.5704	-61.6974	8.54544	-40.6988	
4.82	68.4523	-62.2583	8.43729	-40.8783	
4.83	68.33	-62.8233	8.32782	-41.0588	
4.84	68.2033	-63.3926	8.21702	-41.2403	
4.85	68.0722	-63.9662	8.10485	-41.4228	
4.86	67.9366	-64.5442	7.99128	-41.6064	
4.87	67.7964	-65.1266	7.87629	-41.791	
4.88	67.6515	-65.7135	7.75985	-41.9768	
4.89	67.5018	-66.3051	7.64192	-42.1636	
4.9	67.3472	-66.9013	7.52247	-42.3516	
4.91	67.1876	-67.5022	7.40148	-42.5408	
4.92	67.0229	-68.108	7.27889	-42.7312	
4.93	66.8529	-68.7187	7.15469	-42.9228	
4.94	66.6777	-69.3344	7.02883	-43.1156	
4.95	66.4969	-69.9552	6.90128	-43.3097	
4.96	66.3106	-70.5812	6.77199	-43.5051	
4.97	66.1186	-71.2124	6.64092	-43.7019	
4.98	65.9208	-71.8491	6.50803	-43.9	
4.99	65.7169	-72.4912	6.37328	-44.0996	
5	65.507	-73.1389	6.23661	-44.3006	
5.01	65.2907	-73.7924	6.09798	-44.503	
5.02	65.068	-74.4516	5.95735	-44.707	
5.03	64.8388	-75.1168	5.81465	-44.9125	
5.04	64.6027	-75.7881	5.66983	-45.1196	
5.05	64.3597	-76.4656	5.52283	-45.3284	
5.06	64.1096	-77.1495	5.3736	-45.5389	
5.07	63.8522	-77.8398	5.22208	-45.751	
5.08	63.5873	-78.5368	5.06818	-45.965	
5.09	63.3146	-79.2406	4.91186	-46.1808	
5.1	63.034	-79.9514	4.75303	-46.3985	
5.11	62.7452	-80.6693	4.59162	-46.6181	
5.12	62.4479	-81.3945	4.42755	-46.8397	
5.13	62.142	-82.1273	4.26074	-47.0634	
5.14	61.8272	-82.8678	4.0911	-47.2893	
5.15	61.5031	-83.6161	3.91854	-47.5173	
5.16	61.1696	-84.3727	3.74296	-47.7476	
5.17	60.8262	-85.1376	3.56426	-47.9802	
5.18	60.4726	-85.9112	3.38233	-48.2153	
5.19	60.1086	-86.6936	3.19706	-48.4529	
5.2	59.7337	-87.4852	3.00832	-48.6932	
5.21	59.3476	-88.2863	2.816	-48.9361	
5.22	58.9498	-89.0971	2.61995	-49.1818	
5.23	58.5399	-89.918	2.42002	-49.4305	
5.24	58.1175	-90.7493	2.21608	-49.6821	
5.25	57.6821	-91.5914	2.00795	-49.937	
5.26	57.2331	-92.4447	1.79545	-50.1951	
5.27	56.77	-93.3096	1.57842	-50.4566	
5.28	56.2922	-94.1866	1.35663	-50.7217	
5.29	55.7991	-95.0761	1.1299	-50.9906	
5.3	55.29	-95.9787	0.897972	-51.2634	
5.31	54.7641	-96.8948	0.660617	-51.5402	
5.32	54.2207	-97.8251	0.417566	-51.8214	
5.33	53.659	-98.7703	0.168534	-52.107	
5.34	53.078	-99.7309	-0.0867887	-52.3974	
5.35	52.4766	-100.708	-0.348737	-52.6928	
5.36	51.854	-101.702	-0.617674	-52.9934	
5.37	51.2088	-102.714	-0.893998	-53.2996	
5.38	50.5398	-103.745	-1.17814	-53.6118	
5.39	49.8456	-104.795	-1.47058	-53.9301	
5.4	49.1247	-105.867	-1.77184	-54.2551	
5.41	48.3754	-106.962	-2.08249	-54.5872	
5.42	47.5958	-108.08	-2.40316	-54.9268	
5.43	46.7838	-109.223	-2.73457	-55.2746	
5.44	45.9372	-110.394	-3.0775	-55.631	
5.45	45.0534	-111.593	-3.43283	-55.9967	
5.46	44.1294	-112.824	-3.80154	-56.3726	
5.47	43.1622	-114.089	-4.18475	-56.7593	
5.48	42.1479	-115.389	-4.58372	-57.1579	
5.49	41.0824	-116.73	-4.99989	-57.5695	
5.5	39.961	-118.113	-5.43491	-57.9953	
5.51	38.778	-119.544	-5.89068	-58.4368	
5.52	37.5271	-121.027	-6.3694	-58.8955	
5.53	36.2008	-122.568	-6.87366	-59.3735	
5.54	34.7903	-124.173	-7.40649	-59.873	
5.55	33.2852	-125.851	-7.97152	-60.3967	
5.56	31.6728	-127.61	-8.57308	-60.948	
5.57	29.9381	-129.463	-9.21642	-61.5308	
5.58	28.0623	-131.423	-9.90799	-62.1499	
5.59	26.0225	-133.507	-10.6558	-62.8114	
5.6	23.7896	-135.738	-11.4699	-63.5228	
5.61	21.3265	-138.143	-12.3631	-64.2939	
5.62	18.5849	-140.759	-13.3523	-65.1373	
5.63	15.5009	-143.635	-14.4596	-66.0697	
5.64	11.9874	-146.834	-15.7153	-67.1139	
5.65	7.9236	-150.45	-17.1614	-68.3015	
5.66	3.13562	-154.612	-18.8582	-69.6781	
5.67	-2.63485	-159.515	-20.8956	-71.3113	
5.68	-9.78854	-165.462	-23.4128	-73.3061	
5.69	-18.9792	-172.944	-26.6372	-75.8338	
5.7	-31.3416	-182.818	-30.9632	-79.1915	
5.71	-49.0062	-196.687	-37.1312	-83.9373	
5.72	-76.3969	-217.887	-46.6784	-91.2293	
5.73	-124.033	-254.343	-63.2587	-103.821	
5.74	-222.155	-328.843	-97.3722	-129.624	
5.75	-486.139	-528.324	-189.058	-198.81	
5.76	-1611.89	-1377.17	-579.652	-493.229	
5.77	-13221.4	-10125.8	-4602.76	-3524.84	
5.78	-776370	-585177	-268660	-202499	
5.79	-2.62393e+09	-1.9772e+09	-9.06366e+08	-6.82969e+08	
5.8	-2.99616e+16	-2.25768e+16	-1.03316e+16	-7.78509e+15	
5.81	-3.90648e+30	-2.94363e+30	-1.34474e+30	-1.0133e+30	
5.82	-6.64088e+58	-5.00407e+58	-2.28209e+58	-1.71961e+58	
5.83	-1.91913e+115	-1.44611e+115	-6.58363e+114	-4.96092e+114	
5.84	-1.60272e+228	-1.20769e+228	-5.48875e+227	-4.13591e+227	
5.85	-inf	-inf	-inf	-inf	
5.86	-inf	-inf	-inf	-inf	
5.87	-inf	-inf	-inf	-inf	
5.88	-inf	-inf	-inf	-inf	
5.89	-inf	-inf	-inf	-inf	
5.9	-inf	-inf	-inf	-inf	
5.91	-inf	-inf	-inf	-inf	
5.92	-inf	-inf	-inf	-inf	
5.93	-inf	-inf	-inf	-inf	
5.94	-inf	-inf	-inf	-inf	
5.95	-inf	-inf	-inf	-inf	
5.96	-inf	-inf	-inf	-inf	
5.97	-inf	-inf	-inf	-inf	
5.98	-inf	-inf	-inf	-inf	
5.99	-inf	-inf	-inf	-inf	
6	-inf	-inf	-inf	-inf	
